000000000000
000000000001
000000000010
000000000011
000000000100
000000000101
000000000110
000000000111
000000001000
000000001001
000000010000
000000010001
000000010010
000000010011
000000010100
000000010101
000000010110
000000010111
000000011000
000000011001
000000100000
000000100001
000000100010
000000100011
000000100100
000000100101
000000100110
000000100111
000000101000
000000101001
000000110000
000000110001
000000110010
000000110011
000000110100
000000110101
000000110110
000000110111
000000111000
000000111001
000001000000
000001000001
000001000010
000001000011
000001000100
000001000101
000001000110
000001000111
000001001000
000001001001
000001010000
000001010001
000001010010
000001010011
000001010100
000001010101
000001010110
000001010111
000001011000
000001011001
000001100000
000001100001
000001100010
000001100011
000001100100
000001100101
000001100110
000001100111
000001101000
000001101001
000001110000
000001110001
000001110010
000001110011
000001110100
000001110101
000001110110
000001110111
000001111000
000001111001
000010000000
000010000001
000010000010
000010000011
000010000100
000010000101
000010000110
000010000111
000010001000
000010001001
000010010000
000010010001
000010010010
000010010011
000010010100
000010010101
000010010110
000010010111
000010011000
000010011001
000100000000
000100000001
000100000010
000100000011
000100000100
000100000101
000100000110
000100000111
000100001000
000100001001
000100010000
000100010001
000100010010
000100010011
000100010100
000100010101
000100010110
000100010111
000100011000
000100011001
000100100000
000100100001
000100100010
000100100011
000100100100
000100100101
000100100110
000100100111
000100101000
000100101001
000100110000
000100110001
000100110010
000100110011
000100110100
000100110101
000100110110
000100110111
000100111000
000100111001
000101000000
000101000001
000101000010
000101000011
000101000100
000101000101
000101000110
000101000111
000101001000
000101001001
000101010000
000101010001
000101010010
000101010011
000101010100
000101010101
000101010110
000101010111
000101011000
000101011001
000101100000
000101100001
000101100010
000101100011
000101100100
000101100101
000101100110
000101100111
000101101000
000101101001
000101110000
000101110001
000101110010
000101110011
000101110100
000101110101
000101110110
000101110111
000101111000
000101111001
000110000000
000110000001
000110000010
000110000011
000110000100
000110000101
000110000110
000110000111
000110001000
000110001001
000110010000
000110010001
000110010010
000110010011
000110010100
000110010101
000110010110
000110010111
000110011000
000110011001
001000000000
001000000001
001000000010
001000000011
001000000100
001000000101
001000000110
001000000111
001000001000
001000001001
001000010000
001000010001
001000010010
001000010011
001000010100
001000010101
001000010110
001000010111
001000011000
001000011001
001000100000
001000100001
001000100010
001000100011
001000100100
001000100101
001000100110
001000100111
001000101000
001000101001
001000110000
001000110001
001000110010
001000110011
001000110100
001000110101
001000110110
001000110111
001000111000
001000111001
001001000000
001001000001
001001000010
001001000011
001001000100
001001000101
001001000110
001001000111
001001001000
001001001001
001001010000
001001010001
001001010010
001001010011
001001010100
001001010101
